$ANSIBLE_VAULT;1.1;AES256
37663533616537393662383530346666333362626438386366373065336232616162313234653536
6362663030313732616265363530326237396333353165660a383265353337336463646164366631
65356131313839666361656539623034386339653434316239373139303864326265663366343737
6639363661626632340a333334333933303262303633383861666335663638626438323231366664
35353738343137336631656132396663323835633366636437613963373334613363336262313037
33363135356132616262363334626539623164666333653066306464353937383439626233313661
32376161663061363464366231663238363463663137326361386631383364663062613633323036
62633162306161393035366234313864613431666631333561646662353262613862306264323430
33376639336137613937333436636163646132356538643032393435666162663637623763663132
36663039653465393362366164626332623630353062336637643466323365653165663362363963
30396465366437306233396235363465633364663363303937643262663332663561313830333266
63303766366433613136353839376336353561366663353132643261303664393761623930646635
34356631643134326266373638366231666531663232336631653664386439343239396530313634
65313762616236316363386339386462656366343037633239313738303963653032326631343238
63393438663130343461613162373738396636356638353464306661346261323439373865323665
31393963623265636532666431346665616461333037333036666634326331333530396161636339
30666161363339373530323563323066653432653664326231393731646639366538323766613262
36363835623333336536656563636231393361663238356137333762363261336366376538666232
39373834386664646336323330313765356433386137626330616530613765623731346263333165
38636637323361613761303663383661613437303362636164333030616664646530343532306562
34356266636437333963353031333733326630373863346634376239356163303262356234633033
31383730643233313433386132656531313536653339616364336434363630333664666134346234
35393063613365396234393033393736623463343031353738616262663463333164326466626134
36653934386132613037333934623365626631656630326265373031613332646634316666373265
30353466653136333863353463386232656339343061343466343535633236623061356166376237
38323863663439343661646661656637366262396366336561383864663962323633663666653730
62663765303537623433353731303262616137373737313737613933663936373531336135383233
61643965613237346462333165633964353532623865383561623862613337643563383862323630
62626432363739363265363938373336393435366238356533336363303332653230353238626630
37653765376339336562343562306466653662373363626439613634366335316635336338626164
33326462613630396433323262336533623535323139336339356234313364353736303364316430
61356330623535313862396634333730613062656666316338396336383330323063386135656666
39303034316366613030333264663162326362666534646561303137646565376330336162353033
34343231303165393334343037386435333763346534316364646531396331626164316234363435
35346264336339316436653338323264396235653063613438306237623437333766316135366662
30323131333735373136326632333431623732383134343866373232333234633939313935303764
66616664613166323438386161346461373739323138363036656337346363643962313038313736
63393738323363366433326533653663303966383136313865363031663937636338376131343235
35326334616436623662656565393933663961346464393365326161326136323939663131643065
62363738666233656339663837336261346531363535393030323764623963386439373165343561
35636636303036613264666561613132656663656237646636373165366536383766646338663434
32333630386636383166316666356631646563316337393537303330356535616564663433616533
61343139323931373635633961373734626530366133316432636661646565386263613466383563
36313735373432633339356138366531343137316361376132313035313431616636366238653636
38376364376436613939666336623933316435376138323435323034336230626362336632386365
38343638356339626466646435623466383863303665643036353332613962656435313061666335
34643162303836666565343335303636626262323662653439643930643836386535616436363537
30363835333338643563376232326638333864363563356539646363313463326362336561616337
39656233346332363638623366326235663535396566386132666165326162353264653939613263
34393738363365376332306432386563373338623466373930313733336638386134366165393435
30656630356335613931303666336262366364333734356438613332623830653138646464306661
37666530303238623665633035376164363339613638353365623338633539343436343039613538
35303266323836323161663939646232346433633436303432323431313932663562373635336564
65383537366466653732663935323935613161336236353036336365363538643635626362313734
65653863656464326561383137346562396138386363393233383035356337643262396137383231
37303763343566323966623265306663643165383162373863393336633632343036376537303864
33613234636364333266346565333134653730666466353663326237323637383763663433313466
32623838343931653365613634663264343930306262303238326134343562613663343566306661
33656662353531633631383133646161343062653536353165623661353238393535363433363234
39356265623930623331363965383538383162356462383162353431653964343861343437303465
3666
