$ANSIBLE_VAULT;1.1;AES256
64343564613432323666346566633537643031363561373732633536306465323634303765616636
3735396638323464306162613139313661393233313737620a313334353737616231313531653935
66633137613037303932366637353166366464373531653630333762346632373830636233616130
3135663332363061360a306533323835336238313065323764393765326137323536616265363532
66656266633165633939663331633966663938376434353436666266643266333438356331386135
62653536336564653331633536383863366163303966626634316331646139626535306232663062
37636264306132643334356265396265616337393664393435376235613533663865613336343063
38346237633461323237313761633831323935393764396536396630363233376664363763616432
62313266326364626462663833343663316438616266613033613837393266303932396466383965
39343836396532393961633936343237626635646135663165653764633662386266643265623961
34306164346563636634353938623262303937356636373937393439376662643364333330626363
64626532643363303864626464646331336261316635643164366563323130366662633965653562
31383165306131653838666462343933373531366136373265653931323466653162626637656330
65386132633630363135353139333035623037303163656161663137636566653061663962623463
38356535626131626639326633313338393161326133363331666361393532336332653033653137
61633862633066313738656232303264393933643130613736396534613337373537303231376236
37633763396365376463393263663333613032323437346635316636363464386239653332653834
64313866346335343364356631373035323566373034323030353065323439616666346538316165
61363461353530393232396263626163643564333938616431343563306463353762316330323839
35616130353034633961343837373831613239336461363039366134316662373632643731333532
39376164343965623236363663636431643436363937393838316132616235353338333433633239
37303537373161626535313532643930386330313563323765323435343861373966336366616131
31656265366537643632663766663665306130383061386161653936653634653437333263306562
62313266653262333665623130616262306535656131623866376332666363393934623662666661
36643831326433643665313630663734663065366262396138353435616434306236306564636665
61396263653565323339643362373732393638313861376630343238303836346363616334353830
39343166346632306164666134353365366439613530633431383961656562663164386162646139
64336366636539363530363437663862343635393537666230343133613932323364336661303239
62656134663133653132366164353830373662316166633764343436633935633536373331653964
62613165633261623364653936306133393365313062643462616664343832643538613732616232
39306535643134366135376639633463306431633161346433626263646365623033313133373138
38316339313838613764306138393836663765363361323537346438623738303937353366353630
61303535613466353333643038323538656462616533636561393634386164336533366137343239
63626161643734316263333363373464363731356162643631346536346462393739353361653164
35353466306136376363653964656631346264326564366133623434363738343362633830333665
36633566333038303032316235373133383264626134333535363436633433646664323138313261
62623431363231346436636664653066646565396630633230386434666562386135366664353033
61333261366433303666616132303637366531653563383861653363343962393264333432363135
63383339633530633337623463346335373633643136643231336533623638643436386363323533
32366166353231313462623331343032333937346461333630633362653664646266356337353338
61346166353563316464393333666561623661333362303130323566316463336232303164643762
32313336656336303132633863303961356362346463636533313036343135666236346464616163
63383135386539383634393439303861653962653335383031316133343562386638653865613562
62343261353365653863636537313934313563383531663233393261363665313936373838383738
61396630353736633764306165383263313631623764326165356236373634363931623037333262
39616664383333323866353065633932326439343335666433653336356662316438336532663833
64353164646338653430353263353964346162646139633938663561386437333635303231396134
30393335613266333439663633336562386339323335313061623037373135333261653865343734
66376265396330303163393434353562306461653433633931303934656665313232623664653236
63373637623038363064643662323738353039643033636365316138393465636339353231363734
30353139646339343232623964656163363336636131623430636330323466396265316132393265
66646665376236613565666436656232346535303961306537646634643564383630336239363438
62323536393862623138626462653933663361376562326138356662343332386331323562373830
64336666633232313035363439626337346538373736643965373937623933643466623130353436
65653765626638623933646438396362393437313433636263393062346632373734353363616330
38303337646264626437346362633039366338313633356535316239346530333138373939663666
33616562306263616463393732393436303134643630343035336534623436346633326434333164
34353335303930363731323563616439393635346365396331393262363962356330636462313134
35343736623662623962326534636464353961333561363137653962656162353561363961356166
37363738323664353630326336663734363665353137343431663035646639333735333363626161
38383863393265313033643862346263636536643231323665666337333666396261633061646665
66353363353934633437356432323937623865633065353834366162333664323733616166666135
64646234396238633262393863323333386339643130366632653033623566623838636237376461
35356162643966623865343532346261353930653261366265383066646664313935643161666361
37323138653166326230633165633165323336386563323739303838363961356564653236643535
33373564613666306431613730303039323838343637373062313337313439646363653264306565
36303566323466323361323563666436393964653861353635613834653031656237643636643637
64653662303261333937613435646237623564306466613431343861363937373366663230313465
30613532303135326439623362333430313562636632646262653163653230656534643530393834
37626161653465383437326631326535333532363431326237623833386539303838633863333835
33373365643231663031346662643666373463353763353730643038363865393566376266666363
66613861623232326234306666303762343662326265633534633165656132393431616339366137
39643662343438643965643361343532643139623664323633356239396133613832323362643430
35623036313862303932623833306439396437666139333332333433303933353465343735663530
30333237363232333163373433386431346232646136643637366635396539636137323337376634
38663263623134376664333435623730363362366262633038666536623863363237633262653362
35323864653233326165633165303164646161633433383538356231623862653235336163663630
36613436373064363463373065656435623962313964616261393238306239666331386165363539
35663831383764363364376662303432623232316330653532653739353563386364326237663563
35613763323534613866633033646438623739623564363338663539626465623965623131353232
36333366363332636533316331613837396134623433353262636331306136393864646662636434
63663537663636313465653632656566633137303932366632316532306136663539336637333832
35396266303433613038383565303435643763366363393965656665623539356661383937386263
36383563363762663063383235663238633235363034383037343735306533626132663166303666
66373262383636373966653337613564313762323535386434666162303164356235353064633933
64316335363961633832313364396339393665396132326563313430666237363563623336316662
66336334653663646434313266613339636265353461643530613831356364306334616434613935
35386265306337656531323833636563653833323133663664326665633832343366633163626539
33373866663462336439636430386632383365666631646462343132333063323032626130393832
38323639616663383165643130663661396165303239653338633238643663303861333734303239
31333131653633346561613461626636303636636632626136623734633735313034663333356631
37663937396566663136313866373631363238326537633763346663373631333130613738633637
37636265316638633666666335356537393864393436366639346339343361363066383030623838
66623365383133366462316565326636313566393731643631356635353030326333316635303764
66316538323838643832333439653065313933356234316662373264313838313663613136656134
64373139623332626331386530353637346530343132313533316363393838303734316539386630
34633834363230616231313932346534373235373261653635666561366564313363363431613265
36393538626332646331316261313536623339626330303032383461666438323761626336636634
33303163363563616136383864613864363862326233636132643632373039326631343333353964
32636238666266366235316532356162353161373533346132663334333663313865646661356330
66333134653865346338666633353462333633356533623834303237323239626439386563336631
31393263373430656666303938323833656232346565376531336562643134316365363434613539
34316562313032353339333461366461373539663435336438333965646364356363313039396566
63656264303562373239666338393637656264363431336564363739323564323465666362396163
30346535333031363662663931373035613739386565363233326234653935343566626336656138
35613234356632393162366366326434343039346438323065323636363838346436663139656533
65656638366438393634333834316436656138373431313462343966623634653638336336616361
65363638383762396434653332393766663266366231646138373533633032346464383334383637
65623665306531316663346165633765613936303037393437396661363138363061663639636531
65396633373939386335313163373964313662623030633934366533316436346632306564356663
62653663343463303738383262376236663163336663623161343364336431646365323665353932
31366438333664386666663938303062646235333531663562343562336235396437616537383530
33393838303336396231653363646665353635613535353530646638333365623837
