$ANSIBLE_VAULT;1.1;AES256
32653565376331393935396638363161653663353437656133663965663465626561663561303064
3932656332633237653635653538353632316630313138630a316630353966373335373438303564
37373463653561333839343961623562313731313463653238346566636333613261393232653064
3861353036343764300a386663376538303864626234326137633462663063396238633030313465
38663863353132313362313930306538366134616130376237663834613736633034306661326133
33323731343036373036643464303433323239663833333234643266646165656333356461303836
61313638623264323866636662663338396439393963616138386163626364346531633735333763
38306461653935613432363236653464326562313230343964336336353233313762376361626464
31656438303630363433616631376434623330396330326433363863323133656434383137623139
36313834343664323261356563643361393261383033653864383735326161663232303939306138
656161366536393165393562303631326437
