$ANSIBLE_VAULT;1.1;AES256
31643831313162323133393138306536633764653036656161323766306163346138633934313565
3832383136323466353536313035646136646433373736300a623262376332353637616363623039
66626163303061333463656133376263373466356534396261356230303038633139316462303331
3665343966363033350a346335396564353036396666623166633662356462643334393665303536
65373163383161333461663061383939313835343366353730626466653839353930663730623735
31323738666331326661313034356533663465346161326431386237663131353339343038353562
65333337303433303333613436343530363662623639613065643537373637333233373966356632
31656565303937353336353136373066333337346230383933343530663739626261363663306630
34626161663634643930626532363832303439343431336230333639663336356439626665393233
33653062363530613132313837316330653535343833306261626564393139343162623633393461
65656131326535336361376361613935323534363133353334323938323166643439643966333938
32376539376331343238653338643134633130383032353766653431633664393239333263323432
38363238613139663432643066393933613565343632376638636339623564613933636437373832
35616664396337616261613566303036346131373530663937323465636332396166616264366334
38373535316432366265366432373863666663656135376539313235636538646137373837393461
38653666373066633465616263333162663634313631666237623836623866353363353864653039
64616563643865333263633637376261666535636635333138373632326461366336633737663135
62663635633535613130346630376138333333633831346230343938393135343264383035316336
33626438343134646364663135623532316535613765396164303834623139343965656161393566
63316366396231613261346338616335306332363761373033393134313732346661356532643637
30353437643331373534616134386430303631363865663732323634376361393561393238636261
62613931646138346364373938313630303833373232326662356661343530613037663436363936
35636232366531313363323863363363643832343136323833623462323334393036613136376134
35656265303936636239656633383766376336356535663231613865383837323263343665613138
38303863343538373334616661643138633530376332386430643861343939396334363564386332
37653336396166613637303431313336636633363130333738313133326133633733616538346334
65343131346439386462366163646538373234366162313935363338353630366637343232336333
38656634366338633865663566326237373730356233646636366534623032636464383035393166
33643931353138396466383261656439336538653566306430316632303034643366386264626631
36323636316336643135373139666338613637313462323262333862326661353731663633333065
38353734623639316232646334363966626335616230343537633137396238303930333038313665
64346130616239333064643764353965313331363034306236366434353339396132346663356463
63656362396233323334346562663264333031633361343461666134663539366632346163626666
64363765356335323831393930613238636263663965323965326537303831626366366330306436
63336535306365333162626662343331363032343862346637623133323365333330353266393336
33393964346662643562373635393030313433383330633631356138636234336565333062623531
61663837656162633136393062643833356534643564323934656236666436623365633537313265
36653532306433653863393836623832353665363031313463313335363431376266666639333635
62653464396231656239616234313838643631656435393937353762323564393465336634623662
64383633356561306337373032643934653965626264633337656234653865633566633234333535
38333730643536323339313462666535303065363935386133343738303063663532393735376439
35656466623264663532363331646234306135303537396137643531646133343430646437616463
66326430646635346139313834393233613036373237643430666662343362396637393932626630
32333061396164303565336139333163323762323037643231633862613534666337396466373930
39653333383965626535343931323932353739306331616464643664316361663363353162356639
63363731336164393564613837383564613736326430656537633565303661316562383431663334
38613130326234636532343738366263383836343335353531383732646366666363626434366533
62323664383462663731326630633131643837366637343636363630393934633631383631663464
31313335343835396639626161333864323634333032313261396238653039363632323262383338
61363837333532633837303062356635376233613739623639643664383363666236313662666530
66643039623661643132323535623239313862373730633432386435663730323532353536613237
62393033313731343263663434326265333463326330333630656531613930346364653662396437
31646364633130373137303633373438616539386136353639373834326536393961376264666231
61363337323634613033386134663239653635376334613939303164383231366662356366616634
33363630353430633566623263333861633934653165393038366465336533343931623964613233
33393938376536613535376436396638316539316562393538363264386236373732346532626366
33356366396434623736613635613164323866633438663339313030613166336165363163346338
62393262323032613638663433343839623964336532393664666163653535613836626438653165
31386634616135393161313931333361666138383035303063666164303739623238373939613137
32616361373732653734383565393761356133323032336434326333363533636136323231366131
39323534623565333638636235353465666531656439373661313138373032643961373333623461
33346564656238616333373939373933336332376634363665356131326531393232626433353266
62353765303866333032346330393339656330376531313761636165356361623431353061633335
31633236616263363139393161383961656230313163326266323033346431396137326261346339
35383932666330626637303061306331386131633161306538346362313138666566303561353237
36353735643532363063343633326236663964373464653962366464303032393662656434373233
61373531376336613530396130343566306235636132616638636564363439653132306230633536
65366336653766303233663438346538356530386630633435346561613061346432366366363063
33346234316634366366383135303134633733306338303437633863346238303233633936643138
32636235613262386232353439656138373566626162626566363533353432323363396439376666
33616538333638373664383861363866636634356162343933393764386535623833353730323233
36343866626330363932343263613066316436663034373534313733636361383766346339313536
63613839383239373536666430663639636163333531303365313736613239336233656138653939
38626337356530366365626634363462633231323331633864383762396262616164383539373935
39333439313266353833303830343835383931323732363135306566666662373665663739646534
30656165363332373164646163346262343737316562346237323866366433353933646330303563
31666437626535343836366462343266613632373565646239646363666562386465643561323665
35343237376637386536303064373330383630613031643966663263346365613331333461646336
38313532363430626665643839616364663334383662396365666162386430376139393461633166
34393439333036626437303333303834313165376565383262343237616333393938356162613566
39656336633133343633373635353362313664626562623761336362326263646462326430333964
39376437323931356335393438656231313135373932303663336364336333626464343262373230
34323537356364393534373562653131623732336134303930613836386334323164373532393732
38343761663237613134383738663336616466376165613464633438343962353237656530306137
62306437386166363365646237666636653338316263353864636561363630316433316465333839
36316635663934333462623439346564376531646265613630646138323938396639626165626563
66333666373038356538356237323961363962616232393836643634623565643639376562653165
65396166343938383032356634363738343338383438336231323664386166653532336639656630
31323364326564616462373762393061663865323332316239393039393136653163333632613531
35343835353035376238653730666361303332646164383764653539366335316461626432666564
64383736643334303964343434626166386561333462373137643730303935653635363130633431
39636635303938343730386537326633356564303932333934663963383031393466653961616564
66393931643735666365623938386330666634656237366331643033363137656161643064353063
36393632343366363438343238346131633130383339366564353561373831623063396439363138
34333438386332613234396133663539366439333536656630343231316132363561333331303534
65653765623832323863336339326461643163323963613738626137333038343464356230633934
32646261353530373662383964356636613730343233396532373831386635316430643061396561
64653066616234333564376537356331633866646137343061323364626635396264353065363832
39316137353030626534373565653134373533653963613130363138353866643936656461353334
37353435303762303836623539626464613065343861663736346434636364663164356432323963
34373032633963613666346466666134393962363933393739663537306465343932336437353330
34316636636264333262353161643437636566623139613830303062333034386231316534333866
66316235616465633337326530613433636163643864366362656239343163366433383131373561
30343739616462343435623631363363356561373761613532363861306663376464313363613166
62636334393362386234613462626535316163393330386435393639656239363136303733333961
61663663373864613561633766363231326361343438393964373464636431353734636163333838
39393931343065303935666239336364316131363731323934616435326634623463643962356466
66313939383166623438373934383934663635363531333366353735376261376366393735666337
33323766643161373566613937636165303439633335396430346465626630353663303430616631
30343265353333633136613164303938613362633865323332646562626165346434623238366632
33366465316365333164653139643838353035663932346132343064666164653063666365666261
36373566653163356362613239626161363732633136653730653730653534336532633233313565
34663936646464363766633263386638643132613762366536376638636565376539613530366139
31343863393061636331626431386232376332303035383437383935393431363438336661363036
346232323730363638383731383333346133
