$ANSIBLE_VAULT;1.1;AES256
33653630633638386462666130303532366233643763623766343832323837353632623363663031
3236353361336532613261396566393732316664326166660a323332643936353130306365303833
33643937323936393237363336613231656439353034333865366439623163303763386138643063
3763666131306238320a326339373962366434373339316331383932323036623664643530363463
38353239636632393039306163343564616333656537633235363233313633323336376362323761
34326530303363396164353330303031353065366636316262656636303437363534336263333034
37306332613163636432363063343563613736373533393464316331616464343739303637373165
31356332383437383461396536616633303232323035303762656331383136333933646162623866
63653830316633626631353638343539663332613665396439353130323666626437623533303730
32326235346139373266306665643164316465663732633735393432306466376235663330383266
383165356136356533386233643462616363
