$ANSIBLE_VAULT;1.1;AES256
38653263393665356635306563313162626234323035363162336634636334336231633663613062
3761626335353532666662643761613730396565333032350a616332363461663135363035333237
63383739353937616636623066636536626537313738316465356338353339343131636137333062
3463363235623965320a643762303963336437646135393265363661376161383036396266636665
61366165623334333438356537356563346663316264643064376666373666653738656633636439
33333265383131333235396432626565646562353737353637633232386334343063663665323961
62663630353134343636653539396165633134366165373561353836323832333639643962343966
37333439663163343965366438303436353038626335656130646565336566633737363665373363
38323336393464356530333034323463373661353261313736666332646363646336653763646161
32636666366666363339616433643838396331393434326164376563633938393135373662323833
30383564633535623937383434613965366533396363666339396334393161633163306339393132
36643738366634643061636530663638623864643436613939353161396164363035653634616666
65633464363362363834333965643838396638613664363636316531333333383939356561646336
33366334383462656639346133663731636161656337343832306263653138363836623365616233
35653536623163613339646534306531663635383034346239666439326464326564366463373464
31646166363138633166356465656239356332656365613531353165303563656534656164656361
61353834636166613739663334303530306665616630383664656563666237306562353132636662
64626331633262353035316161323961663364623261313365393030356363313364656262393337
34386265636262366266336564323332376638363661663862623937653334356530333237323730
62626664663061363763363433323736333364306463373262643736383036373138643633383332
61353065356634656364316133313135646431313434653764323735386661653562613565366239
31343065626666343065333036383933356562653461333530643933623238343365373339643235
62383364663762343061303337323231363431333161316637326534376363666466393334386464
61633530623239343738326635346661326436306435356236383333646630363837336235623063
32346434666232363430333438346131383636336532393066333961363237323466303530623564
37336238323630306336613335616463356333386431353064343437353239613234633131393764
33383138396535303163353864626266326431666230633430663464366635353939313038373139
33306239373365656636323363383438323765363035383639303966643431353664336261666130
34313936323161323831326363616362373262326431336661653961323834366235633464623566
33656636393533613937663663396431383139333066383862376332333462373036343966376263
34623561393835366135623966656363643332343534373937383430306335386232366430393235
65323439316134353863646663633366303466343633363232623066636237336335353062313662
61323965306266616633653537626536373461336533326139306136656561653364313863323437
64393034323834313663663932306161326338646432356664383434653732616339353165376235
31646462373665353738363965343563366263666461333966386232393364366631313364313465
62366338313733356633333434623134646138303033313333353334623535616139376365303465
63383738626633353230313166336362346266623866333931613264636136313562323438613966
34613162626535343661396438373530636161323233636636613235316437633831303362633265
32303333333166646630643462656235623565663635313733343331363361653865363739666362
31653433326132306639373365373864613730323566633030353932323431363837626635663761
64646637386336353561313763353835326133366331303865393132623038313831376365306638
32646664323364313331343638633661303336373533353934363238313538366439363734656237
31613132653661336438316338353764353862386435646330396362313633303061646365353661
36373765346238613634306261353538326639323231373037643038333766383333313630396361
66633161353730313462633837663638653962356162626637386234343862616537656365346334
61343636333766323333663836646138636566353533323764376661643536663730626134653539
33346266633231613030356230343765336238363064626538396364323564663435643666613136
61313332633730653861386635323238653133393031396232346630616331663430326561643734
65303232386262333932333533336532383539383738386233376537313664353361316438303465
33313265353935313963383234653036363334356337663436396162313434643263336261376661
63633263323562356632633665646132396565316263333438333066623261363463393765383264
33626231333839643630626536336265343332633865323830633661326139393230643463626565
62356234313938363237376362366332653863383164336638373866353163353636646439373332
65663461663039613461363739616135646266316631666263303065383662393161646330346236
65303462316662323762333931323064336161653662343965366566346331366434336238353064
37623065303839343338656538326631623236373762376132333065346261303530356334366534
39336233353036313863373061353566666638613563613661306632363932383066393164613465
64353139623037663233313264663731303139633036343039316134393766356338363061363262
33323139356432383734383636336662333939666634363066646439383763623261386330636137
63313233306466373333316364316461636231303364316466376431303637383063343861356439
63306232333738616239653661363336666537346334643630356266323132636461643364373137
61373461656563393536623265656165323835343439373436613539303637363866663331366637
61343830633835303732643534653338373837653762346464326634633030373739663539376636
61346461643635616366613434313733396635316633346634386437343462316630656637346633
31626237666463613366653566666264383838626634306630393133623263323035393964383330
35386332363330653732383061336566396532336265313231386363626164623430653935363834
35313734396438306363633461616662343939326230316231633230613138346134393762306431
38656261373464396662653139373537383034353362326430656534306531636231303864666239
34393438323064333738656663353737626235336363313861366366333466653966303661376438
61343535613433313334333162623132383636363036626539616562396635306633633238313531
34633439636235343436313633656639303036383530613566393861363066336232313237633433
30303566353061636635393733616230366432333139656261616133363734326436306335643332
62363065363131383936373438613635646538633133396631393738336130336463616666626366
34393430663839336133376464383363346364653966393562666335643030646636623030643562
31633337333531356162323366333436333463643231323934383164346431303335646563306665
38343637303761313766303933306531383262633965366262373765383733336630633534633538
36653366323930363764343137363532663035383635656266666632653933376534386463646266
33303264313832616636373661393963376566663164646132663061373538336339326130666136
31663737323239643662653433613139306238326561316563306465346362353762336266393437
37316434626563346438323332646236636634663765363937333432643634393564326631306364
35346535373635393430333765343431326666383437653739376337616363653931373439646266
64336438313034306633346236656334303264373137616165303339653239646332363937393639
38656438303236336335363437393633643939373230623533353064386232393061396130313266
64646637386266346561626537343630356364633530633038356230316338643865383235363231
39323361663133323734626135623364323239393165613931396633656664366535656232323066
63643231306638656339666237653534613866346538313135356364343138373563366266656538
66663939616664313264653333656635383632346433396136303030613838346237666230373963
35366331623039336335353832616531656637326234356237326337366234346334376339343462
6138
